100
75
89 52
25 26 69
12 52 95 49
30 23 80 98 65
21 98 24 90 70 97
28 82 7 19 11 68 93
35 17 74 74 6 76 57 19
58 1 23 44 27 27 42 66 17
27 72 77 47 85 6 35 58 78 77
41 69 75 44 75 96 98 42 58 80 35
31 61 40 26 47 30 45 64 56 55 36 51
54 57 57 54 25 26 1 40 90 61 11 51 69
92 12 59 52 54 21 19 71 24 23 28 24 70 80
54 86 40 38 93 31 45 94 10 81 100 51 9 47 87
4 17 20 40 44 48 10 50 52 49 33 21 80 77 63 95
20 20 67 33 65 96 20 42 4 34 75 2 70 41 7 94 82
75 26 13 16 79 90 35 18 6 65 51 26 19 43 35 94 6 89
33 100 48 90 71 4 52 42 64 1 49 94 49 42 89 5 67 98 92
53 81 88 55 12 50 22 87 71 81 49 24 37 9 8 32 24 18 5 52
41 40 89 87 75 13 47 89 24 94 92 14 22 25 88 27 42 21 89 28 7
43 80 58 88 61 51 4 53 9 32 63 95 67 25 68 1 60 73 22 48 78 26
15 99 73 93 74 91 7 81 81 71 98 90 29 84 24 38 65 10 8 31 30 1 62
24 50 32 85 20 98 7 39 49 16 99 25 26 50 5 96 2 85 57 63 30 62 60 98
24 56 35 78 71 8 76 73 16 94 66 92 9 82 80 69 96 51 28 45 3 6 86 25 92
26 7 22 99 52 46 59 62 35 71 59 84 85 55 57 25 27 34 41 19 68 33 33 14 44 46
5 70 82 27 82 24 94 23 26 27 60 40 17 71 29 24 90 72 93 65 36 11 19 82 84 17 35
15 63 47 81 90 49 33 57 75 90 86 38 83 74 36 81 94 79 18 16 57 89 67 23 34 29 78 71
35 26 56 70 9 89 37 45 8 10 8 80 41 98 95 54 71 49 69 32 42 38 79 52 85 49 45 41 67
53 45 23 21 77 52 97 82 13 35 68 23 9 55 5 74 19 68 29 7 64 63 95 23 1 90 44 29 36 23
4 17 42 62 76 51 96 71 75 35 53 29 37 16 98 9 60 99 39 96 99 60 74 52 51 78 80 60 4 85 55
64 74 81 4 40 36 72 86 22 73 74 60 2 50 6 61 12 23 86 55 16 12 60 43 61 75 44 64 92 53 64 17
37 82 52 46 48 93 64 53 13 31 85 9 27 98 41 44 9 50 40 6 28 21 84 96 16 92 66 6 18 52 96 42 25
77 10 19 24 33 11 99 83 31 51 93 98 64 38 20 58 78 88 40 85 58 82 36 54 57 60 11 98 75 39 2 47 15 60
41 62 80 69 12 92 68 43 36 53 82 14 22 34 100 27 85 98 50 92 78 44 67 37 44 85 28 6 47 38 81 60 96 57 9
84 3 61 19 26 44 32 6 55 54 80 23 29 85 58 66 18 44 13 34 63 13 73 20 29 60 39 52 18 43 64 71 63 4 42 1
98 75 96 15 7 47 46 43 26 87 54 17 16 6 20 50 33 87 40 8 27 55 62 42 66 2 25 90 12 91 20 45 25 30 53 28 57
52 12 80 41 4 50 79 75 67 49 30 29 80 82 69 34 70 72 74 20 43 69 19 20 92 56 56 89 79 88 57 17 58 94 44 28 99 3
83 28 21 73 38 76 68 2 31 67 84 70 11 70 24 21 91 15 65 64 19 11 66 86 85 12 75 57 54 27 17 5 31 89 21 68 27 6 26
53 95 58 99 88 69 6 50 40 44 6 48 47 14 72 59 62 56 85 65 29 74 27 92 12 12 66 26 13 8 57 70 32 33 16 75 21 2 44 61
43 68 6 55 72 30 56 76 4 82 79 100 61 95 7 77 88 14 27 23 47 63 59 31 31 31 46 45 39 2 95 27 30 94 53 40 84 45 62 8 63
70 13 54 40 7 94 87 92 5 96 22 58 55 60 15 67 71 41 92 92 3 47 94 35 61 46 31 8 41 44 98 47 94 24 14 64 14 74 50 42 82 76
13 10 89 45 53 26 86 58 73 73 78 22 20 68 6 34 64 42 11 68 27 73 98 71 97 31 29 46 45 87 57 76 16 49 76 60 72 31 39 52 71 66 11
50 4 12 10 76 70 17 75 77 58 81 79 18 85 3 87 80 92 20 40 90 41 31 51 54 20 41 39 11 33 55 75 65 12 42 71 9 54 99 47 37 92 39 6
56 10 5 17 81 16 29 56 11 7 51 73 77 49 85 42 91 97 16 86 4 3 63 77 47 97 46 90 52 25 74 43 45 39 92 7 27 73 79 12 49 81 60 59 60
30 76 27 40 7 99 72 28 93 67 97 31 16 61 79 72 86 64 64 67 100 6 100 65 5 99 58 52 67 37 75 17 82 83 76 69 91 15 48 84 5 65 15 79 9 17
38 83 11 50 20 46 6 71 32 28 82 50 31 32 35 11 50 28 66 24 34 57 61 20 56 92 91 20 14 38 12 95 94 60 57 49 15 86 16 82 55 18 91 53 21 71 59
95 11 63 88 1 19 6 2 46 80 13 72 46 81 13 56 55 1 41 63 15 66 8 15 61 26 94 3 81 28 77 52 87 60 3 38 46 57 67 53 34 68 70 70 67 44 9 98
84 28 73 66 28 41 29 74 4 3 52 17 28 43 72 33 60 64 31 96 27 78 53 41 60 87 11 33 44 9 38 69 17 22 27 14 58 75 63 71 98 31 84 56 73 74 44 90 35
94 87 92 24 21 35 80 60 42 41 61 24 34 92 12 30 63 86 63 35 85 100 83 10 8 96 12 79 70 86 25 48 71 61 92 90 91 44 80 90 35 97 16 32 33 26 34 100 71 49
33 91 42 55 100 81 74 91 98 18 98 26 13 60 95 26 64 23 35 44 25 98 85 94 24 96 29 19 32 35 74 82 85 69 30 92 37 12 2 60 29 50 49 12 29 97 96 89 31 71 79
35 67 47 50 17 38 36 97 52 44 2 7 81 24 12 85 45 89 71 52 30 27 61 60 87 64 40 32 8 43 82 78 99 16 44 93 53 94 77 91 34 67 25 56 11 33 11 28 99 13 94 81
26 59 42 38 85 14 2 32 65 12 10 77 55 20 6 19 84 86 21 87 80 56 50 92 69 86 66 52 22 28 16 22 23 54 88 86 10 94 2 32 87 37 10 61 25 22 41 86 90 37 23 77 70
38 24 74 87 51 30 87 93 10 81 63 38 69 14 85 27 7 33 52 38 12 17 45 31 97 51 100 87 22 74 47 10 81 99 50 68 91 9 6 37 94 69 29 40 86 97 80 79 47 59 8 48 72 50
35 71 92 40 44 89 70 60 70 22 65 21 42 85 20 54 24 26 57 10 82 8 29 36 52 56 20 65 46 61 65 40 14 41 85 20 16 46 5 44 48 24 57 99 36 98 39 55 84 87 9 12 16 1 88
22 81 11 78 40 45 72 100 50 24 9 44 20 82 61 83 10 1 58 100 58 67 94 87 29 46 86 18 92 45 43 57 74 25 23 66 4 69 13 11 66 81 37 63 23 32 96 23 65 28 4 14 97 24 71 39
35 30 15 73 59 39 54 16 4 90 38 73 82 69 41 21 66 74 28 24 77 81 32 56 61 86 73 18 2 34 55 88 80 3 100 48 54 16 51 93 44 26 93 32 8 67 93 48 2 41 53 9 87 63 24 42 80
32 24 64 61 43 25 87 25 26 16 75 83 76 49 9 97 26 82 67 89 8 71 8 17 60 8 58 4 100 26 39 37 66 53 22 17 27 86 22 33 54 38 48 94 63 19 76 45 59 91 76 10 86 52 38 85 98 7
73 29 91 86 29 2 41 14 21 89 62 55 97 71 47 53 58 55 14 6 72 73 21 98 32 43 68 99 39 82 27 80 31 89 82 14 36 53 66 38 11 31 90 39 37 74 89 31 58 3 15 29 52 13 1 43 40 27 89
17 66 13 57 81 62 12 53 9 100 30 42 68 61 37 46 90 27 35 76 92 85 39 39 84 41 21 35 9 23 73 86 47 95 1 43 58 54 63 44 27 72 13 2 31 27 98 10 44 91 1 52 73 95 83 91 80 57 56 65
48 47 83 39 23 98 22 62 35 21 7 100 72 40 50 89 75 85 8 1 97 50 43 49 66 69 26 82 29 16 85 2 45 71 3 42 37 93 1 46 70 35 13 53 62 9 77 24 43 25 13 15 69 15 68 11 81 50 10 9 4
23 41 80 14 3 6 48 50 88 53 63 71 100 56 8 54 6 67 91 66 41 43 34 13 65 4 58 17 36 47 84 24 48 39 43 38 99 98 94 43 87 73 63 16 7 62 46 61 6 87 32 27 9 73 76 77 15 63 13 72 74 72
15 28 92 84 51 45 80 71 23 10 13 41 58 82 70 17 41 23 2 76 67 96 15 56 92 62 79 3 18 97 12 92 77 54 65 70 14 54 97 74 51 96 60 17 48 28 38 73 95 69 12 95 92 85 54 27 54 13 79 62 70 43 91
46 41 36 64 69 59 98 98 36 59 8 71 85 66 78 64 19 75 6 36 16 88 32 62 86 49 79 22 23 22 61 30 55 65 66 24 63 83 26 2 22 47 84 19 60 36 15 27 43 90 48 11 56 23 33 29 88 47 83 34 47 36 79 80
20 42 65 89 48 18 22 74 45 97 93 3 18 59 60 29 97 91 13 93 2 73 83 2 67 5 69 55 96 79 24 41 30 24 10 27 3 40 49 67 92 92 80 3 30 81 16 26 1 76 86 72 74 24 6 38 32 48 80 5 1 75 71 98 12
96 78 67 77 61 65 73 72 63 20 30 8 24 40 92 77 5 58 66 77 42 12 69 22 45 63 35 14 59 15 1 23 52 87 21 3 81 1 94 16 74 52 47 70 85 57 80 11 56 15 58 13 45 65 57 71 10 67 14 66 87 71 55 29 56 11
92 100 99 59 52 34 64 84 15 15 84 1 10 3 7 16 51 55 69 71 29 31 73 22 7 56 97 48 96 59 12 72 45 20 57 96 87 63 52 24 75 66 64 70 9 13 85 99 30 36 45 42 5 98 36 82 41 44 29 23 79 62 97 48 5 94 67
68 72 4 55 78 32 4 99 91 29 99 79 86 91 88 58 35 89 94 99 19 5 89 46 55 63 33 29 64 51 31 7 77 64 29 92 13 93 56 100 79 80 7 23 99 4 80 84 81 18 69 9 2 62 92 70 98 92 58 61 16 83 6 65 57 8 41 77
51 61 15 78 98 27 63 42 17 87 57 12 46 79 3 2 41 49 96 28 28 74 41 40 18 38 42 78 100 84 87 6 41 83 79 1 83 98 18 82 50 36 100 18 100 16 20 9 30 90 60 8 69 22 67 5 81 76 69 2 88 42 95 10 86 23 61 42 81
70 90 30 45 97 48 38 42 67 91 58 37 79 26 25 4 36 85 82 75 71 9 78 20 93 29 71 51 12 51 48 16 44 69 36 16 38 95 82 37 37 78 26 86 88 56 19 26 77 32 55 70 90 8 26 37 76 44 52 1 20 32 19 45 60 16 16 75 53 32
36 80 82 10 40 78 12 72 6 97 91 43 24 85 44 44 10 71 72 52 28 20 62 34 13 6 29 3 67 23 45 62 24 83 94 75 18 59 37 56 96 71 41 40 6 21 100 67 8 38 6 31 41 58 47 69 68 16 80 14 36 87 10 87 91 91 66 46 51 82 91
13 10 7 36 92 80 66 93 23 18 45 35 16 37 36 12 62 50 24 33 64 87 98 59 59 76 71 19 42 69 25 58 44 48 65 1 43 30 15 34 97 19 28 67 6 70 21 66 43 50 94 35 71 79 85 5 60 42 45 75 9 32 20 4 74 40 89 78 29 26 11 61
28 35 23 57 4 100 8 91 97 59 88 99 6 45 19 87 36 52 21 33 97 2 83 30 75 32 48 46 65 91 47 62 100 47 24 46 2 79 95 5 36 57 64 66 89 70 84 73 49 10 97 42 93 75 27 92 94 38 45 71 22 10 45 67 18 97 84 70 51 58 28 77 95
75 96 86 50 44 31 75 61 25 65 23 1 83 95 14 27 84 77 91 39 48 2 75 37 70 29 35 53 11 16 17 79 47 9 68 5 91 71 79 60 93 77 52 49 8 95 24 100 61 93 26 52 44 42 15 2 4 66 20 83 45 87 9 89 53 80 31 47 61 1 72 65 81 42
24 75 34 19 65 88 45 45 5 43 58 100 41 70 93 38 37 81 42 11 50 80 62 94 40 51 32 52 15 67 27 94 76 34 26 81 25 33 65 85 70 36 56 66 62 95 30 14 84 55 43 29 58 73 61 53 94 10 83 39 71 96 81 6 72 70 43 75 91 31 43 21 8 43 68
82 45 96 40 15 6 41 35 42 74 55 6 6 31 75 65 72 87 50 85 37 48 79 20 49 7 34 99 32 55 8 93 74 27 79 36 74 56 72 20 77 34 29 80 39 3 42 55 31 27 51 91 37 100 18 64 13 22 5 43 79 2 36 53 71 34 66 37 87 78 67 58 43 98 55 7
87 67 20 77 77 61 73 7 89 88 36 61 97 76 65 43 61 62 87 10 91 31 61 71 81 73 76 46 19 37 21 30 18 1 52 11 76 79 43 86 79 70 94 75 2 81 63 7 32 18 82 10 90 22 89 9 38 31 2 87 86 1 24 28 8 7 47 23 81 98 80 27 92 71 76 52 64
92 4 5 93 90 73 12 40 97 75 22 72 48 2 6 89 94 40 60 33 36 62 13 25 50 37 79 58 18 81 9 53 50 33 32 81 98 58 39 32 57 59 51 24 98 10 44 93 31 93 10 27 53 13 25 42 84 16 61 7 53 72 65 59 13 68 74 85 41 37 49 38 30 13 20 74 100 18
98 7 92 91 49 61 71 75 37 50 29 49 22 82 22 75 7 25 6 56 50 93 16 7 63 61 18 93 57 27 91 35 27 12 47 43 39 41 48 15 38 64 97 26 65 43 49 30 2 82 81 100 62 43 75 84 13 3 43 84 72 23 14 90 27 54 26 26 70 76 96 100 90 62 94 32 38 81 31
13 93 85 8 25 85 62 87 21 89 34 9 55 12 46 96 66 29 89 63 23 30 24 90 87 66 100 13 43 35 33 86 26 74 92 1 64 5 39 2 48 26 4 19 8 27 91 54 98 13 70 4 83 25 74 16 65 56 38 63 72 26 79 21 67 73 47 32 69 75 88 26 70 12 23 59 19 25 8 63
93 37 38 69 75 32 35 62 100 52 51 98 41 50 96 99 12 29 11 100 56 29 20 99 28 18 55 97 36 57 22 93 41 35 52 29 64 17 53 73 68 70 25 45 80 26 96 62 54 96 6 10 25 60 49 59 29 5 63 100 27 34 3 92 52 40 50 52 62 11 71 71 16 3 52 22 74 12 90 21 62
1 13 65 38 26 37 15 34 55 67 67 73 62 31 47 89 17 26 58 36 61 17 37 8 92 9 43 93 55 35 15 19 27 98 13 19 100 82 49 56 54 16 28 69 96 44 11 80 34 89 48 75 77 41 88 40 99 67 50 74 47 6 72 88 14 67 29 64 66 7 5 35 39 81 27 83 28 16 62 18 40 65
19 14 38 3 84 62 97 74 58 100 85 58 65 81 41 39 36 74 62 4 1 93 90 61 15 63 21 32 45 72 74 46 2 9 100 87 68 31 20 39 60 87 41 46 95 22 57 61 16 5 13 73 23 57 99 64 66 73 61 55 99 12 61 40 48 15 68 10 84 76 58 25 77 65 39 58 63 87 41 80 55 40 37
91 17 45 71 44 48 82 42 11 10 86 22 97 85 100 15 38 32 82 85 75 71 83 72 85 32 78 47 23 99 1 53 49 34 63 25 67 26 54 4 6 94 43 30 25 96 100 34 14 24 59 89 91 70 84 71 6 71 89 72 11 20 2 15 11 84 33 13 61 57 14 65 95 99 15 93 8 39 68 37 53 31 76 73
9 47 99 22 20 40 74 35 67 98 82 47 6 74 19 13 6 96 38 55 95 10 97 35 48 38 5 12 76 74 28 67 24 68 55 71 3 89 77 96 79 30 56 10 49 50 21 13 11 13 57 55 93 88 59 54 80 61 49 29 67 96 91 18 6 93 40 55 50 85 65 32 82 34 8 45 46 88 29 5 9 23 28 98 22
67 84 68 32 62 43 52 59 55 40 64 87 73 99 74 19 21 11 45 78 95 6 68 95 25 32 37 43 4 24 96 29 46 15 72 96 81 27 75 75 66 15 18 91 43 67 8 71 39 38 10 48 75 76 45 37 56 61 99 2 75 89 13 26 86 30 54 37 68 85 56 90 7 45 21 40 12 85 54 79 34 37 47 47 58 90
47 97 5 59 25 53 56 88 87 67 21 67 27 75 60 68 32 85 3 46 23 40 9 61 52 7 76 69 91 97 63 59 73 97 96 100 66 18 20 82 62 34 99 95 84 57 71 30 37 95 14 29 57 6 28 46 35 36 94 75 14 27 97 22 30 20 73 63 49 56 66 11 65 83 99 3 70 57 53 85 18 32 20 68 55 67 50
20 17 88 17 4 15 46 63 99 75 57 52 69 100 52 46 51 75 53 91 55 34 90 66 97 2 26 89 88 61 24 71 68 7 18 66 21 87 54 42 84 58 75 60 12 56 31 26 32 20 9 70 60 32 42 38 49 38 6 40 85 80 16 71 89 73 94 69 56 9 5 19 92 18 50 32 92 21 63 67 79 51 81 42 55 86 28 98
62 25 75 88 5 85 28 45 25 13 20 18 3 46 11 22 45 34 38 60 62 81 78 25 79 54 5 62 64 10 63 4 14 2 60 94 68 59 61 8 91 59 35 7 52 69 4 9 94 57 66 27 45 46 95 77 86 72 60 75 31 41 79 30 66 25 83 6 5 62 42 62 95 72 96 41 98 21 57 80 18 100 84 15 88 40 70 63 92
6 58 12 47 38 98 35 65 20 37 20 19 85 80 90 83 9 21 18 9 28 10 89 43 46 60 27 96 74 18 94 86 73 18 97 58 94 65 15 48 98 75 62 99 3 30 36 84 56 45 42 38 30 99 20 90 6 6 53 29 42 32 76 72 38 62 4 82 57 65 51 6 69 59 67 84 30 31 59 30 5 54 50 77 86 28 23 77 7 96
42 11 60 56 74 72 11 84 61 65 2 87 50 47 92 99 85 96 66 30 59 23 4 34 31 83 71 73 19 73 55 98 73 11 8 29 52 94 1 77 70 70 54 28 100 22 79 57 57 65 29 92 43 71 48 28 73 48 48 93 13 33 73 47 29 86 23 90 69 9 2 39 41 52 5 79 57 33 40 98 73 22 55 72 59 79 88 71 24 8 37
62 93 86 8 23 66 33 67 90 4 90 92 53 50 48 60 95 81 76 57 31 84 84 83 96 43 24 86 26 79 58 97 91 11 61 86 69 44 47 81 53 74 64 83 82 97 2 53 97 16 53 26 23 62 60 7 88 47 59 85 20 69 39 86 31 59 8 95 90 81 40 73 7 39 50 38 86 98 48 88 43 33 67 3 96 92 2 48 46 63 5 20
49 50 88 71 16 57 18 21 28 64 27 29 71 90 25 51 90 30 2 20 70 40 12 26 62 38 76 86 65 58 40 27 77 57 54 20 12 97 38 42 46 1 44 44 54 99 56 2 48 38 70 43 51 51 9 56 70 43 77 68 65 54 17 54 34 84 18 84 100 29 32 22 26 74 48 50 36 35 38 26 96 73 63 18 54 68 48 91 33 78 34 94 53
23 25 26 64 53 40 43 61 57 95 65 5 46 16 72 8 59 54 79 10 61 43 37 58 94 23 30 89 53 30 90 82 1 7 73 56 3 87 100 29 14 43 45 7 98 61 24 99 59 91 5 64 40 82 15 71 100 45 69 94 57 19 97 63 10 52 74 69 1 14 73 32 26 30 7 30 55 4 93 94 99 88 2 51 4 84 31 55 79 70 82 58 89 47
65 54 4 17 54 27 78 65 32 88 52 44 32 25 78 100 66 69 54 93 67 61 33 11 41 18 72 35 46 46 60 29 11 84 85 10 35 66 90 80 45 66 37 46 60 96 11 68 56 62 45 4 21 33 91 61 1 87 43 68 82 60 4 68 7 77 59 8 8 95 58 58 70 18 26 78 64 53 99 48 100 38 3 45 27 49 18 91 47 17 78 39 95 93 79
47 63 24 84 87 34 47 50 2 88 24 37 84 13 8 66 11 68 94 98 92 64 88 47 30 86 23 97 99 25 1 55 3 27 84 97 60 43 50 89 52 25 5 58 85 21 81 71 66 94 81 68 59 36 9 59 86 7 42 69 63 42 28 42 28 92 96 94 27 20 54 14 75 60 62 13 72 89 69 14 21 2 31 84 90 16 72 7 50 34 34 83 90 39 40 38
5 99 16 16 45 61 27 40 17 6 83 13 7 52 11 2 68 64 94 45 71 31 54 86 82 2 51 78 24 86 27 56 76 74 59 5 22 80 33 52 39 83 64 92 14 82 47 1 92 71 67 14 84 55 42 100 79 55 100 89 21 44 21 6 49 30 21 75 60 8 59 45 7 57 46 55 36 23 36 77 52 83 32 23 35 18 53 58 100 82 89 4 57 79 99 53 99
82 44 9 71 74 15 55 17 72 56 12 9 11 16 97 69 36 50 4 12 78 11 20 26 26 20 43 42 42 25 47 79 11 98 58 58 98 83 57 81 4 100 22 33 28 27 85 76 50 58 14 45 74 40 5 80 37 29 12 17 65 27 20 76 66 21 99 14 43 47 88 18 15 40 7 62 90 56 9 25 74 61 52 100 97 29 95 42 94 10 90 73 53 82 48 69 31 20
35 39 60 73 75 82 68 100 81 34 26 14 76 79 86 62 2 39 17 75 9 2 100 32 51 16 4 92 12 89 5 45 27 71 91 82 78 58 66 46 85 10 65 24 98 2 12 76 7 95 50 33 93 55 12 53 23 11 43 61 1 63 79 51 17 23 3 56 27 77 37 45 83 61 96 28 34 52 92 75 1 65 39 15 91 88 48 9 98 1 83 17 6 52 17 73 33 7 76
64 80 62 80 19 82 62 69 79 48 80 55 41 3 99 71 42 18 14 15 20 34 61 93 21 82 30 9 16 32 45 5 17 57 98 62 33 43 37 20 18 95 95 61 11 29 80 17 65 44 13 43 24 27 97 66 60 33 72 22 65 58 6 52 7 88 49 39 7 31 91 28 8 44 98 100 20 6 60 48 93 88 56 56 53 10 76 99 57 58 51 87 92 78 37 51 47 14 19 18
